	Time [s]	T_couche_0,3mm_milieu_couche1 [°C]	
1	1,e-004	209,88	
2	2,e-004	209,75	
3	5,e-004	209,38	
4	1,e-003	208,76	
5	5,1e-002	170,29	
6	0,101	143,96	
7	0,151	124,69	
8	0,201	109,93	
9	0,251	98,339	
10	0,301	89,092	
11	0,351	81,655	
12	0,401	75,646	
13	0,451	70,78	
14	0,501	66,834	
15	0,551	63,633	
16	0,601	61,035	
17	0,651	58,926	
18	0,701	57,213	
19	0,751	55,823	
20	0,801	54,694	
21	0,851	53,777	
22	0,901	53,033	
23	0,951	52,622	
24	1,001	52,324	
25	1,051	52,087	
26	1,101	51,898	
27	1,151	51,748	
28	1,201	51,628	
29	1,251	51,532	
30	1,301	51,455	
31	1,351	51,394	
32	1,401	51,345	
33	1,451	51,306	
34	1,501	51,274	
35	1,551	51,249	
36	1,601	51,229	
37	1,701	51,202	
38	1,901	51,174	
39	2,201	51,158	
40	2,501	51,151	
41	2,801	51,149	
42	3,101	51,147	
43	3,401	51,147	
44	3,701	51,147	
45	4,001	51,147	
46	4,301	51,147	
47	4,601	51,147	
48	4,901	51,147	
49	5,201	51,147	
50	5,501	51,147	
51	5,801	51,147	
52	6,001	51,147	
53	6,0011	51,27	
54	6,0012	51,394	
55	6,0013	51,517	
56	6,0014	51,64	
57	6,0015	51,763	
58	6,0016	51,886	
59	6,0017	52,008	
60	6,0018	52,131	
61	6,0019	52,253	
62	6,002	52,375	
63	6,003	53,566	
64	6,004	54,731	
65	6,005	55,87	
66	6,006	56,984	
67	6,007	58,072	
68	6,008	59,136	
69	6,009	60,175	
70	6,01	61,192	
71	6,011	62,185	
72	6,012	63,156	
73	6,013	64,104	
74	6,014	65,032	
75	6,015	65,938	
76	6,016	66,823	
77	6,017	67,688	
78	6,018	68,534	
79	6,019	69,36	
80	6,02	70,167	
81	6,021	70,955	
82	6,022	71,725	
83	6,023	72,478	
84	6,024	73,213	
85	6,025	73,931	
86	6,026	74,632	
87	6,027	75,317	
88	6,028	75,986	
89	6,029	76,639	
90	6,03	77,276	
91	6,031	77,899	
92	6,032	78,507	
93	6,033	79,101	
94	6,034	79,68	
95	6,035	80,246	
96	6,036	80,811	
97	6,037	81,374	
98	6,038	81,924	
99	6,039	82,462	
100	6,04	82,987	
101	6,041	83,524	
102	6,042	84,048	
103	6,043	84,561	
104	6,044	85,063	
105	6,045	85,553	
106	6,046	86,032	
107	6,047	86,501	
108	6,048	86,959	
109	6,049	87,407	
110	6,05	87,845	
111	6,051	88,272	
112	6,052	88,69	
113	6,053	89,099	
114	6,054	89,498	
115	6,055	89,887	
116	6,056	90,268	
117	6,057	90,64	
118	6,058	91,003	
119	6,059	91,358	
120	6,06	91,704	
121	6,061	92,042	
122	6,062	92,372	
123	6,063	92,695	
124	6,064	93,009	
125	6,065	93,316	
126	6,066	93,615	
127	6,067	93,907	
128	6,068	94,192	
129	6,069	94,47	
130	6,07	94,742	
131	6,071	95,006	
132	6,072	95,264	
133	6,073	95,515	
134	6,074	95,76	
135	6,075	95,998	
136	6,076	96,231	
137	6,077	96,457	
138	6,078	96,678	
139	6,079	96,893	
140	6,08	97,102	
141	6,081	97,305	
142	6,082	97,503	
143	6,083	97,696	
144	6,084	97,884	
145	6,085	98,066	
146	6,086	98,243	
147	6,087	98,416	
148	6,088	98,583	
149	6,089	98,746	
150	6,09	98,904	
151	6,091	99,058	
152	6,092	99,207	
153	6,093	99,352	
154	6,094	99,492	
155	6,095	99,628	
156	6,096	99,76	
157	6,097	99,888	
158	6,098	100,01	
159	6,099	100,13	
160	6,1	100,25	
161	6,15	101,32	
162	6,2	100,1	
163	6,25	97,845	
164	6,3	95,166	
165	6,35	92,376	
166	6,4	89,688	
167	6,45	87,39	
168	6,5	85,256	
169	6,55	83,217	
170	6,6	81,274	
171	6,65	79,431	
172	6,7	77,687	
173	6,75	76,041	
174	6,8	74,487	
175	6,85	73,022	
176	6,9	71,639	
177	6,95	70,336	
178	7,	69,108	
179	7,05	67,951	
180	7,1	66,862	
181	7,15	65,835	
182	7,2	64,869	
183	7,25	63,958	
184	7,3	63,101	
185	7,35	62,294	
186	7,4	61,534	
187	7,45	60,82	
188	7,5	60,147	
189	7,55	59,515	
190	7,6	58,919	
191	7,65	58,358	
192	7,7	57,831	
193	7,75	57,334	
194	7,8	56,867	
195	7,85	56,428	
196	7,9	56,015	
197	7,95	55,627	
198	8,	55,262	
199	8,05	54,918	
200	8,1	54,595	
201	8,15	54,291	
202	8,2	54,005	
203	8,25	53,737	
204	8,3	53,484	
205	8,35	53,247	
206	8,4	53,023	
207	8,45	52,818	
208	8,5	52,626	
209	8,55	52,445	
210	8,6	52,276	
211	8,65	52,116	
212	8,7	51,984	
213	8,75	51,919	
214	8,8	51,859	
215	8,85	51,803	
216	8,9	51,751	
217	8,95	51,703	
218	9,	51,658	
219	9,05	51,617	
220	9,1	51,578	
221	9,15	51,543	
222	9,2	51,51	
223	9,25	51,479	
224	9,3	51,45	
225	9,35	51,424	
226	9,4	51,399	
227	9,45	51,377	
228	9,5	51,355	
229	9,55	51,336	
230	9,6	51,317	
231	9,65	51,3	
232	9,7	51,285	
233	9,75	51,27	
234	9,8	51,257	
235	9,85	51,244	
236	9,9	51,232	
237	9,95	51,221	
238	10,05	51,202	
239	10,15	51,186	
240	10,25	51,172	
241	10,35	51,16	
242	10,45	51,149	
243	10,55	51,14	
244	10,65	51,131	
245	10,85	51,119	
246	11,	51,112	
247	11,001	51,111	
248	11,002	51,111	
249	11,003	51,111	
250	11,005	51,111	
251	11,009	51,111	
252	11,014	51,111	
253	11,019	51,111	
254	11,024	51,11	
255	11,029	51,11	
256	11,034	51,11	
257	11,039	51,11	
258	11,044	51,109	
259	11,049	51,109	
260	11,054	51,109	
261	11,059	51,109	
262	11,064	51,108	
263	11,069	51,108	
264	11,074	51,108	
265	11,079	51,108	
266	11,084	51,108	
267	11,089	51,107	
268	11,094	51,107	
269	11,099	51,107	
270	11,104	51,107	
271	11,109	51,106	
272	11,114	51,106	
273	11,119	51,106	
274	11,124	51,106	
275	11,129	51,106	
276	11,134	51,105	
277	11,139	51,105	
278	11,144	51,105	
279	11,149	51,105	
280	11,154	51,105	
281	11,159	51,104	
282	11,164	51,104	
283	11,169	51,104	
284	11,174	51,104	
285	11,179	51,104	
286	11,184	51,103	
287	11,189	51,103	
288	11,194	51,103	
289	11,199	51,103	
290	11,204	51,103	
291	11,209	51,103	
292	11,214	51,102	
293	11,219	51,102	
294	11,224	51,102	
295	11,229	51,102	
296	11,234	51,102	
297	11,239	51,101	
298	11,244	51,101	
299	11,249	51,101	
300	11,254	51,101	
301	11,259	51,101	
302	11,264	51,101	
303	11,269	51,1	
304	11,274	51,1	
305	11,279	51,1	
306	11,284	51,1	
307	11,289	51,1	
308	11,294	51,1	
309	11,299	51,099	
310	11,304	51,099	
311	11,309	51,099	
312	11,314	51,099	
313	11,319	51,099	
314	11,324	51,099	
315	11,329	51,099	
316	11,334	51,098	
317	11,339	51,098	
318	11,344	51,098	
319	11,349	51,098	
320	11,354	51,098	
321	11,359	51,098	
322	11,364	51,097	
323	11,369	51,097	
324	11,374	51,097	
325	11,379	51,097	
326	11,384	51,097	
327	11,389	51,097	
328	11,394	51,097	
329	11,399	51,096	
330	11,404	51,096	
331	11,409	51,096	
332	11,414	51,096	
333	11,419	51,096	
334	11,424	51,096	
335	11,429	51,096	
336	11,434	51,096	
337	11,439	51,095	
338	11,444	51,095	
339	11,449	51,095	
340	11,454	51,095	
341	11,459	51,095	
342	11,464	51,095	
343	11,469	51,095	
344	11,474	51,095	
345	11,479	51,094	
346	11,484	51,094	
347	11,489	51,094	
348	11,494	51,094	
349	11,499	51,094	
350	11,504	51,094	
351	11,509	51,094	
352	11,514	51,094	
353	11,519	51,093	
354	11,524	51,093	
355	11,529	51,093	
356	11,534	51,093	
357	11,539	51,093	
358	11,544	51,093	
359	11,549	51,093	
360	11,554	51,093	
361	11,559	51,093	
362	11,564	51,092	
363	11,569	51,092	
364	11,574	51,092	
365	11,579	51,092	
366	11,584	51,092	
367	11,589	51,092	
368	11,594	51,092	
369	11,599	51,092	
370	11,604	51,092	
371	11,609	51,092	
372	11,614	51,091	
373	11,619	51,091	
374	11,624	51,091	
375	11,629	51,091	
376	11,634	51,091	
377	11,639	51,091	
378	11,644	51,091	
379	11,649	51,091	
380	11,654	51,091	
381	11,659	51,091	
382	11,664	51,09	
383	11,669	51,09	
384	11,674	51,09	
385	11,679	51,09	
386	11,684	51,09	
387	11,689	51,09	
388	11,694	51,09	
389	11,699	51,09	
390	11,704	51,09	
391	11,709	51,09	
392	11,714	51,09	
393	11,719	51,089	
394	11,724	51,089	
395	11,729	51,089	
396	11,734	51,089	
397	11,739	51,089	
398	11,744	51,089	
399	11,749	51,089	
400	11,754	51,089	
401	11,759	51,089	
402	11,764	51,089	
403	11,769	51,089	
404	11,774	51,089	
405	11,779	51,089	
406	11,784	51,088	
407	11,789	51,088	
408	11,794	51,088	
409	11,799	51,088	
410	11,804	51,088	
411	11,809	51,088	
412	11,814	51,088	
413	11,819	51,088	
414	11,824	51,088	
415	11,829	51,088	
416	11,834	51,088	
417	11,839	51,088	
418	11,844	51,088	
419	11,849	51,087	
420	11,854	51,087	
421	11,859	51,087	
422	11,864	51,087	
423	11,869	51,087	
424	11,874	51,087	
425	11,879	51,087	
426	11,884	51,087	
427	11,889	51,087	
428	11,894	51,087	
429	11,899	51,087	
430	11,904	51,087	
431	11,909	51,087	
432	11,914	51,087	
433	11,919	51,087	
434	11,924	51,086	
435	11,929	51,086	
436	11,934	51,086	
437	11,939	51,086	
438	11,944	51,086	
439	11,949	51,086	
440	11,954	51,086	
441	11,959	51,086	
442	11,964	51,086	
443	11,969	51,086	
444	11,974	51,086	
445	11,979	51,086	
446	11,984	51,086	
447	11,989	51,086	
448	11,994	51,086	
449	11,999	51,086	
450	12,002	51,086	
451	12,002	51,086	
452	12,002	51,086	
453	12,002	51,086	
454	12,002	51,086	
455	12,002	51,086	
456	12,003	51,086	
457	12,003	51,086	
458	12,003	51,086	
459	12,003	51,086	
460	12,003	51,086	
461	12,053	53,356	
462	12,103	56,376	
463	12,153	59,3	
464	12,203	61,756	
465	12,253	64,154	
466	12,303	66,021	
467	12,353	67,38	
468	12,403	68,307	
469	12,453	68,882	
470	12,503	69,178	
471	12,553	69,259	
472	12,603	69,185	
473	12,653	68,982	
474	12,703	68,694	
475	12,753	68,339	
476	12,803	67,926	
477	12,853	67,472	
478	12,903	66,99	
479	12,953	66,49	
480	13,003	65,98	
481	13,053	65,465	
482	13,103	64,952	
483	13,153	64,442	
484	13,203	63,939	
485	13,253	63,446	
486	13,303	62,963	
487	13,353	62,492	
488	13,403	62,037	
489	13,453	61,597	
490	13,503	61,169	
491	13,553	60,755	
492	13,603	60,354	
493	13,653	59,966	
494	13,703	59,591	
495	13,753	59,229	
496	13,803	58,88	
497	13,853	58,545	
498	13,903	58,223	
499	13,953	57,913	
500	14,003	57,614	
501	14,053	57,327	
502	14,103	57,049	
503	14,153	56,783	
504	14,203	56,526	
505	14,253	56,279	
506	14,303	56,041	
507	14,353	55,812	
508	14,403	55,592	
509	14,453	55,38	
510	14,503	55,176	
511	14,553	54,979	
512	14,603	54,791	
513	14,653	54,609	
514	14,703	54,434	
515	14,753	54,266	
516	14,803	54,105	
517	14,853	53,949	
518	14,903	53,8	
519	14,953	53,656	
520	15,003	53,518	
521	15,053	53,385	
522	15,103	53,257	
523	15,153	53,134	
524	15,203	53,015	
525	15,253	52,901	
526	15,303	52,792	
527	15,353	52,687	
528	15,403	52,586	
529	15,453	52,488	
530	15,503	52,423	
531	15,553	52,366	
532	15,603	52,312	
533	15,653	52,26	
534	15,703	52,209	
535	15,753	52,161	
536	15,803	52,115	
537	15,853	52,071	
538	15,903	52,029	
539	15,953	51,989	
540	16,003	51,95	
541	16,053	51,913	
542	16,103	51,877	
543	16,153	51,843	
544	16,203	51,81	
545	16,253	51,779	
546	16,303	51,749	
547	16,353	51,72	
548	16,403	51,693	
549	16,453	51,666	
550	16,503	51,641	
551	16,553	51,617	
552	16,603	51,593	
553	16,653	51,571	
554	16,703	51,55	
555	16,753	51,529	
556	16,803	51,51	
557	16,853	51,491	
558	16,903	51,473	
559	16,953	51,455	
560	17,003	51,439	
561	17,053	51,423	
562	17,103	51,407	
563	17,203	51,379	
564	17,303	51,353	
565	17,403	51,33	
566	17,503	51,308	
567	17,603	51,287	
568	17,703	51,269	
569	17,803	51,252	
570	17,903	51,236	
571	18,003	51,221	
