	Time [s]	T_couche2supp [°C]	
1	1,e-004	63,003	
2	2,e-004	63,003	
3	5,e-004	63,003	
4	1,e-003	63,003	
5	5,1e-002	63,002	
6	0,101	63,002	
7	0,151	63,002	
8	0,201	63,001	
9	0,251	63,001	
10	0,301	63,001	
11	0,351	63,001	
12	0,401	63,001	
13	0,451	63,001	
14	0,501	63,	
15	0,551	63,	
16	0,601	63,	
17	0,651	63,	
18	0,701	63,	
19	0,751	63,	
20	0,801	63,	
21	0,851	63,	
22	0,901	63,	
23	0,951	63,	
24	1,001	63,	
25	1,051	63,	
26	1,101	63,	
27	1,151	63,	
28	1,201	63,	
29	1,251	63,	
30	1,301	63,	
31	1,351	63,	
32	1,401	63,	
33	1,451	63,	
34	1,501	63,	
35	1,551	63,	
36	1,601	63,	
37	1,701	63,	
38	1,901	63,	
39	2,201	63,	
40	2,501	63,	
41	2,801	63,	
42	3,101	63,	
43	3,401	63,	
44	3,701	63,	
45	4,001	63,	
46	4,301	63,	
47	4,601	63,	
48	4,901	63,	
49	5,201	63,	
50	5,501	63,	
51	5,801	63,	
52	6,001	63,	
53	6,0011	210,	
54	6,0012	210,	
55	6,0013	210,	
56	6,0014	210,	
57	6,0015	210,	
58	6,0016	210,	
59	6,0017	210,	
60	6,0018	210,	
61	6,0019	210,	
62	6,002	210,	
63	6,003	209,98	
64	6,004	209,97	
65	6,005	209,95	
66	6,006	209,93	
67	6,007	209,92	
68	6,008	209,9	
69	6,009	209,88	
70	6,01	209,87	
71	6,011	209,85	
72	6,012	209,83	
73	6,013	209,81	
74	6,014	209,79	
75	6,015	209,78	
76	6,016	209,76	
77	6,017	209,74	
78	6,018	209,71	
79	6,019	209,69	
80	6,02	209,67	
81	6,021	209,65	
82	6,022	209,63	
83	6,023	209,61	
84	6,024	209,59	
85	6,025	209,56	
86	6,026	209,54	
87	6,027	209,52	
88	6,028	209,49	
89	6,029	209,46	
90	6,03	209,44	
91	6,031	209,41	
92	6,032	209,37	
93	6,033	209,34	
94	6,034	209,31	
95	6,035	209,27	
96	6,036	209,24	
97	6,037	209,2	
98	6,038	209,16	
99	6,039	209,11	
100	6,04	209,07	
101	6,041	209,02	
102	6,042	208,98	
103	6,043	208,93	
104	6,044	208,87	
105	6,045	208,82	
106	6,046	208,76	
107	6,047	208,71	
108	6,048	208,65	
109	6,049	208,59	
110	6,05	208,52	
111	6,051	208,46	
112	6,052	208,39	
113	6,053	208,32	
114	6,054	208,25	
115	6,055	208,17	
116	6,056	208,1	
117	6,057	208,02	
118	6,058	207,94	
119	6,059	207,86	
120	6,06	207,77	
121	6,061	207,69	
122	6,062	207,6	
123	6,063	207,51	
124	6,064	207,41	
125	6,065	207,32	
126	6,066	207,22	
127	6,067	207,13	
128	6,068	207,03	
129	6,069	206,92	
130	6,07	206,82	
131	6,071	206,71	
132	6,072	206,61	
133	6,073	206,5	
134	6,074	206,39	
135	6,075	206,27	
136	6,076	206,16	
137	6,077	206,04	
138	6,078	205,92	
139	6,079	205,8	
140	6,08	205,68	
141	6,081	205,56	
142	6,082	205,44	
143	6,083	205,33	
144	6,084	205,2	
145	6,085	205,08	
146	6,086	204,96	
147	6,087	204,84	
148	6,088	204,71	
149	6,089	204,58	
150	6,09	204,45	
151	6,091	204,32	
152	6,092	204,19	
153	6,093	204,06	
154	6,094	203,93	
155	6,095	203,79	
156	6,096	203,66	
157	6,097	203,52	
158	6,098	203,38	
159	6,099	203,24	
160	6,1	203,1	
161	6,15	194,95	
162	6,2	186,56	
163	6,25	178,34	
164	6,3	170,51	
165	6,35	163,11	
166	6,4	156,16	
167	6,45	149,65	
168	6,5	143,54	
169	6,55	137,81	
170	6,6	132,43	
171	6,65	127,38	
172	6,7	122,65	
173	6,75	118,27	
174	6,8	114,15	
175	6,85	110,28	
176	6,9	106,64	
177	6,95	103,22	
178	7,	99,997	
179	7,05	96,964	
180	7,1	94,108	
181	7,15	91,421	
182	7,2	88,891	
183	7,25	86,51	
184	7,3	84,269	
185	7,35	82,159	
186	7,4	80,174	
187	7,45	78,305	
188	7,5	76,547	
189	7,55	74,892	
190	7,6	73,335	
191	7,65	71,869	
192	7,7	70,49	
193	7,75	69,193	
194	7,8	67,972	
195	7,85	66,823	
196	7,9	65,743	
197	7,95	64,726	
198	8,	63,77	
199	8,05	62,87	
200	8,1	62,024	
201	8,15	61,228	
202	8,2	60,479	
203	8,25	59,777	
204	8,3	59,15	
205	8,35	58,561	
206	8,4	58,006	
207	8,45	57,488	
208	8,5	57,003	
209	8,55	56,547	
210	8,6	56,119	
211	8,65	55,715	
212	8,7	55,336	
213	8,75	54,979	
214	8,8	54,644	
215	8,85	54,404	
216	8,9	54,245	
217	8,95	54,097	
218	9,	53,959	
219	9,05	53,831	
220	9,1	53,712	
221	9,15	53,601	
222	9,2	53,498	
223	9,25	53,402	
224	9,3	53,313	
225	9,35	53,23	
226	9,4	53,152	
227	9,45	53,081	
228	9,5	53,014	
229	9,55	52,951	
230	9,6	52,893	
231	9,65	52,839	
232	9,7	52,789	
233	9,75	52,743	
234	9,8	52,702	
235	9,85	52,662	
236	9,9	52,626	
237	9,95	52,592	
238	10,05	52,533	
239	10,15	52,482	
240	10,25	52,438	
241	10,35	52,399	
242	10,45	52,365	
243	10,55	52,335	
244	10,65	52,311	
245	10,85	52,274	
246	11,	52,251	
247	11,001	52,251	
248	11,002	52,251	
249	11,003	52,251	
250	11,005	52,25	
251	11,009	52,25	
252	11,014	52,249	
253	11,019	52,248	
254	11,024	52,248	
255	11,029	52,247	
256	11,034	52,246	
257	11,039	52,246	
258	11,044	52,245	
259	11,049	52,244	
260	11,054	52,243	
261	11,059	52,243	
262	11,064	52,242	
263	11,069	52,241	
264	11,074	52,241	
265	11,079	52,24	
266	11,084	52,239	
267	11,089	52,239	
268	11,094	52,238	
269	11,099	52,237	
270	11,104	52,237	
271	11,109	52,236	
272	11,114	52,235	
273	11,119	52,235	
274	11,124	52,234	
275	11,129	52,234	
276	11,134	52,233	
277	11,139	52,232	
278	11,144	52,232	
279	11,149	52,231	
280	11,154	52,23	
281	11,159	52,23	
282	11,164	52,229	
283	11,169	52,229	
284	11,174	52,228	
285	11,179	52,228	
286	11,184	52,227	
287	11,189	52,226	
288	11,194	52,226	
289	11,199	52,225	
290	11,204	52,225	
291	11,209	52,224	
292	11,214	52,224	
293	11,219	52,223	
294	11,224	52,223	
295	11,229	52,222	
296	11,234	52,221	
297	11,239	52,221	
298	11,244	52,22	
299	11,249	52,22	
300	11,254	52,219	
301	11,259	52,219	
302	11,264	52,218	
303	11,269	52,218	
304	11,274	52,217	
305	11,279	52,217	
306	11,284	52,216	
307	11,289	52,216	
308	11,294	52,215	
309	11,299	52,215	
310	11,304	52,214	
311	11,309	52,214	
312	11,314	52,213	
313	11,319	52,213	
314	11,324	52,213	
315	11,329	52,212	
316	11,334	52,212	
317	11,339	52,211	
318	11,344	52,211	
319	11,349	52,21	
320	11,354	52,21	
321	11,359	52,209	
322	11,364	52,209	
323	11,369	52,208	
324	11,374	52,208	
325	11,379	52,208	
326	11,384	52,207	
327	11,389	52,207	
328	11,394	52,206	
329	11,399	52,206	
330	11,404	52,206	
331	11,409	52,205	
332	11,414	52,205	
333	11,419	52,204	
334	11,424	52,204	
335	11,429	52,203	
336	11,434	52,203	
337	11,439	52,203	
338	11,444	52,202	
339	11,449	52,202	
340	11,454	52,202	
341	11,459	52,201	
342	11,464	52,201	
343	11,469	52,2	
344	11,474	52,2	
345	11,479	52,2	
346	11,484	52,199	
347	11,489	52,199	
348	11,494	52,199	
349	11,499	52,198	
350	11,504	52,198	
351	11,509	52,198	
352	11,514	52,197	
353	11,519	52,197	
354	11,524	52,196	
355	11,529	52,196	
356	11,534	52,196	
357	11,539	52,195	
358	11,544	52,195	
359	11,549	52,195	
360	11,554	52,194	
361	11,559	52,194	
362	11,564	52,194	
363	11,569	52,193	
364	11,574	52,193	
365	11,579	52,193	
366	11,584	52,193	
367	11,589	52,192	
368	11,594	52,192	
369	11,599	52,192	
370	11,604	52,191	
371	11,609	52,191	
372	11,614	52,191	
373	11,619	52,19	
374	11,624	52,19	
375	11,629	52,19	
376	11,634	52,189	
377	11,639	52,189	
378	11,644	52,189	
379	11,649	52,189	
380	11,654	52,188	
381	11,659	52,188	
382	11,664	52,188	
383	11,669	52,187	
384	11,674	52,187	
385	11,679	52,187	
386	11,684	52,187	
387	11,689	52,186	
388	11,694	52,186	
389	11,699	52,186	
390	11,704	52,186	
391	11,709	52,185	
392	11,714	52,185	
393	11,719	52,185	
394	11,724	52,185	
395	11,729	52,184	
396	11,734	52,184	
397	11,739	52,184	
398	11,744	52,184	
399	11,749	52,183	
400	11,754	52,183	
401	11,759	52,183	
402	11,764	52,183	
403	11,769	52,182	
404	11,774	52,182	
405	11,779	52,182	
406	11,784	52,182	
407	11,789	52,181	
408	11,794	52,181	
409	11,799	52,181	
410	11,804	52,181	
411	11,809	52,18	
412	11,814	52,18	
413	11,819	52,18	
414	11,824	52,18	
415	11,829	52,18	
416	11,834	52,179	
417	11,839	52,179	
418	11,844	52,179	
419	11,849	52,179	
420	11,854	52,179	
421	11,859	52,178	
422	11,864	52,178	
423	11,869	52,178	
424	11,874	52,178	
425	11,879	52,177	
426	11,884	52,177	
427	11,889	52,177	
428	11,894	52,177	
429	11,899	52,177	
430	11,904	52,176	
431	11,909	52,176	
432	11,914	52,176	
433	11,919	61,157	
434	11,924	67,852	
435	11,929	72,922	
436	11,934	76,863	
437	11,939	80,178	
438	11,944	83,111	
439	11,949	85,788	
440	11,954	88,278	
441	11,959	90,621	
442	11,964	92,844	
443	11,969	94,964	
444	11,974	96,996	
445	11,979	98,949	
446	11,984	100,83	
447	11,989	102,65	
448	11,994	104,42	
449	11,999	106,13	
450	12,002	107,14	
451	12,002	210,	
452	12,002	210,	
453	12,002	210,	
454	12,002	210,	
455	12,002	210,	
456	12,003	210,	
457	12,003	210,	
458	12,003	210,	
459	12,003	210,	
460	12,003	210,	
461	12,053	176,76	
462	12,103	155,09	
463	12,153	140,25	
464	12,203	129,63	
465	12,253	121,71	
466	12,303	115,69	
467	12,353	110,89	
468	12,403	106,9	
469	12,453	103,52	
470	12,503	100,54	
471	12,553	97,873	
472	12,603	95,532	
473	12,653	93,38	
474	12,703	91,384	
475	12,753	89,517	
476	12,803	87,764	
477	12,853	86,109	
478	12,903	84,543	
479	12,953	83,057	
480	13,003	81,645	
481	13,053	80,302	
482	13,103	79,023	
483	13,153	77,803	
484	13,203	76,64	
485	13,253	75,53	
486	13,303	74,471	
487	13,353	73,459	
488	13,403	72,493	
489	13,453	71,57	
490	13,503	70,688	
491	13,553	69,845	
492	13,603	69,039	
493	13,653	68,269	
494	13,703	67,533	
495	13,753	66,829	
496	13,803	66,156	
497	13,853	65,513	
498	13,903	64,897	
499	13,953	64,309	
500	14,003	63,746	
501	14,053	63,207	
502	14,103	62,692	
503	14,153	62,2	
504	14,203	61,729	
505	14,253	61,278	
506	14,303	60,846	
507	14,353	60,434	
508	14,403	60,039	
509	14,453	59,661	
510	14,503	59,3	
511	14,553	58,954	
512	14,603	58,623	
513	14,653	58,306	
514	14,703	58,003	
515	14,753	57,713	
516	14,803	57,436	
517	14,853	57,172	
518	14,903	56,919	
519	14,953	56,677	
520	15,003	56,445	
521	15,053	56,223	
522	15,103	56,011	
523	15,153	55,807	
524	15,203	55,612	
525	15,253	55,426	
526	15,303	55,247	
527	15,353	55,076	
528	15,403	54,912	
529	15,453	54,754	
530	15,503	54,604	
531	15,553	54,489	
532	15,603	54,379	
533	15,653	54,275	
534	15,703	54,175	
535	15,753	54,08	
536	15,803	53,988	
537	15,853	53,901	
538	15,903	53,818	
539	15,953	53,738	
540	16,003	53,662	
541	16,053	53,589	
542	16,103	53,519	
543	16,153	53,452	
544	16,203	53,388	
545	16,253	53,327	
546	16,303	53,268	
547	16,353	53,212	
548	16,403	53,159	
549	16,453	53,108	
550	16,503	53,059	
551	16,553	53,012	
552	16,603	52,967	
553	16,653	52,924	
554	16,703	52,883	
555	16,753	52,844	
556	16,803	52,806	
557	16,853	52,77	
558	16,903	52,735	
559	16,953	52,702	
560	17,003	52,671	
561	17,053	52,641	
562	17,103	52,612	
563	17,203	52,558	
564	17,303	52,51	
565	17,403	52,465	
566	17,503	52,424	
567	17,603	52,386	
568	17,703	52,351	
569	17,803	52,319	
570	17,903	52,29	
571	18,003	52,263	
