	Time [s]	T_couche2supp [°C]	
1	1,e-004	63,003	
2	2,e-004	63,003	
3	3,e-004	63,003	
4	4,2908e-004	63,003	
5	6,2918e-004	63,003	
6	8,1459e-004	63,003	
7	1,e-003	63,003	
8	5,1e-002	63,002	
9	6,7667e-002	63,002	
10	7,8531e-002	63,002	
11	8,9395e-002	63,002	
12	0,10179	63,002	
13	0,12762	63,002	
14	0,15587	63,002	
15	0,18945	63,002	
16	0,23232	63,002	
17	0,28962	63,001	
18	0,35399	63,001	
19	0,42436	63,001	
20	0,50595	63,001	
21	0,6067	63,001	
22	0,74119	63,	
23	0,94161	63,	
24	1,2416	63,	
25	1,5416	63,	
26	1,8416	63,	
27	2,1416	63,	
28	2,4416	63,	
29	2,7416	63,	
30	3,0416	63,	
31	3,3416	63,	
32	3,6416	63,	
33	3,9416	63,	
34	4,2416	63,	
35	4,5416	63,	
36	4,8416	63,	
37	5,1416	63,	
38	5,4416	63,	
39	5,7416	63,	
40	6,001	63,	
41	6,0011	210,	
42	6,0012	210,	
43	6,0015	210,	
44	6,002	210,	
45	6,003	209,99	
46	6,004	209,97	
47	6,007	209,91	
48	6,012	209,82	
49	6,017	209,71	
50	6,022	209,59	
51	6,027	209,46	
52	6,032	209,29	
53	6,037	209,07	
54	6,042	208,8	
55	6,047	208,48	
56	6,052	208,13	
57	6,057	207,73	
58	6,062	207,29	
59	6,067	206,81	
60	6,072	206,28	
61	6,077	205,71	
62	6,082	205,11	
63	6,087	204,47	
64	6,092	203,8	
65	6,097	203,1	
66	6,1	202,66	
67	6,15	194,41	
68	6,2	185,99	
69	6,2889	172,12	
70	6,3946	157,67	
71	6,5195	143,01	
72	6,6703	128,29	
73	6,8559	113,63	
74	7,0925	99,152	
75	7,3925	85,672	
76	7,6925	75,765	
77	7,9925	68,491	
78	8,2925	63,155	
79	8,5925	59,331	
80	8,8925	56,697	
81	9,1925	55,086	
82	9,4925	54,493	
83	9,7925	54,107	
84	10,093	53,845	
85	10,393	53,667	
86	10,693	53,544	
87	10,846	53,494	
88	11,	53,452	
89	11,001	53,452	
90	11,002	53,452	
91	11,005	53,451	
92	11,01	53,45	
93	11,015	53,448	
94	11,02	53,447	
95	11,025	53,446	
96	11,03	53,445	
97	11,035	53,443	
98	11,04	53,442	
99	11,045	53,441	
100	11,05	53,44	
101	11,055	53,438	
102	11,06	53,437	
103	11,065	53,436	
104	11,07	53,435	
105	11,075	53,434	
106	11,08	53,432	
107	11,085	53,431	
108	11,09	53,43	
109	11,095	53,429	
110	11,1	53,428	
111	11,105	53,427	
112	11,11	53,425	
113	11,115	53,424	
114	11,12	53,423	
115	11,125	53,422	
116	11,13	53,421	
117	11,135	53,42	
118	11,14	53,419	
119	11,145	53,418	
120	11,15	53,417	
121	11,155	53,416	
122	11,16	53,415	
123	11,165	53,413	
124	11,17	53,412	
125	11,175	53,411	
126	11,18	53,41	
127	11,185	53,409	
128	11,19	53,408	
129	11,195	53,407	
130	11,2	53,406	
131	11,205	53,405	
132	11,21	53,404	
133	11,215	53,403	
134	11,22	53,403	
135	11,225	53,402	
136	11,23	53,401	
137	11,235	53,4	
138	11,24	53,399	
139	11,245	53,398	
140	11,25	53,397	
141	11,255	53,396	
142	11,26	53,395	
143	11,265	53,394	
144	11,27	53,393	
145	11,275	53,392	
146	11,28	53,392	
147	11,285	53,391	
148	11,29	53,39	
149	11,295	53,389	
150	11,3	53,388	
151	11,305	53,387	
152	11,31	53,386	
153	11,315	53,386	
154	11,32	53,385	
155	11,325	53,384	
156	11,33	53,383	
157	11,335	53,382	
158	11,34	53,382	
159	11,345	53,381	
160	11,35	53,38	
161	11,355	53,379	
162	11,36	53,378	
163	11,365	53,378	
164	11,37	53,377	
165	11,375	53,376	
166	11,38	53,375	
167	11,385	53,375	
168	11,39	53,374	
169	11,395	53,373	
170	11,4	53,372	
171	11,405	53,372	
172	11,41	53,371	
173	11,415	53,37	
174	11,42	53,37	
175	11,425	53,369	
176	11,43	53,368	
177	11,435	53,367	
178	11,44	53,367	
179	11,445	53,366	
180	11,45	53,365	
181	11,455	53,365	
182	11,46	53,364	
183	11,465	53,363	
184	11,47	53,363	
185	11,475	53,362	
186	11,48	53,361	
187	11,485	53,361	
188	11,49	53,36	
189	11,495	53,36	
190	11,5	53,359	
191	11,505	53,358	
192	11,51	53,358	
193	11,515	53,357	
194	11,52	53,356	
195	11,525	53,356	
196	11,53	53,355	
197	11,535	53,355	
198	11,54	53,354	
199	11,545	53,353	
200	11,55	53,353	
201	11,555	53,352	
202	11,56	53,352	
203	11,565	53,351	
204	11,57	53,351	
205	11,575	53,35	
206	11,58	53,349	
207	11,585	53,349	
208	11,59	53,348	
209	11,595	53,348	
210	11,6	53,347	
211	11,605	53,347	
212	11,61	53,346	
213	11,615	53,346	
214	11,62	53,345	
215	11,625	53,345	
216	11,63	53,344	
217	11,635	53,344	
218	11,64	53,343	
219	11,645	53,343	
220	11,65	53,342	
221	11,655	53,342	
222	11,66	53,341	
223	11,665	53,341	
224	11,67	53,34	
225	11,675	53,34	
226	11,68	53,339	
227	11,685	53,339	
228	11,69	53,338	
229	11,695	53,338	
230	11,7	53,337	
231	11,705	53,337	
232	11,71	53,336	
233	11,715	53,336	
234	11,72	53,335	
235	11,725	53,335	
236	11,73	53,335	
237	11,735	53,334	
238	11,74	53,334	
239	11,745	53,333	
240	11,75	53,333	
241	11,755	53,332	
242	11,76	53,332	
243	11,765	53,332	
244	11,77	53,331	
245	11,775	53,331	
246	11,78	53,33	
247	11,785	53,33	
248	11,79	53,33	
249	11,795	53,329	
250	11,8	53,329	
251	11,805	53,328	
252	11,81	53,328	
253	11,815	53,328	
254	11,82	53,327	
255	11,825	53,327	
256	11,83	53,326	
257	11,835	53,326	
258	11,84	53,326	
259	11,845	53,325	
260	11,85	53,325	
261	11,855	53,324	
262	11,86	53,324	
263	11,865	53,324	
264	11,87	53,323	
265	11,875	53,323	
266	11,88	53,323	
267	11,885	53,322	
268	11,89	53,322	
269	11,895	53,322	
270	11,9	53,321	
271	11,905	53,321	
272	11,91	53,321	
273	11,915	53,32	
274	11,92	60,771	
275	11,925	67,859	
276	11,93	72,854	
277	11,935	76,756	
278	11,94	80,036	
279	11,945	82,993	
280	11,95	85,663	
281	11,955	88,11	
282	11,96	90,379	
283	11,965	92,664	
284	11,97	94,879	
285	11,975	96,987	
286	11,98	99,	
287	11,985	100,93	
288	11,99	102,79	
289	11,995	104,58	
290	12,	106,32	
291	12,002	107,01	
292	12,002	210,	
293	12,002	210,	
294	12,002	210,	
295	12,003	210,	
296	12,053	192,93	
297	12,07	187,85	
298	12,086	183,26	
299	12,105	178,57	
300	12,152	169,26	
301	12,217	158,85	
302	12,311	147,47	
303	12,426	136,74	
304	12,569	126,17	
305	12,753	115,65	
306	12,994	104,69	
307	13,294	94,222	
308	13,594	85,93	
309	13,894	79,236	
310	14,194	73,823	
311	14,494	69,443	
312	14,794	65,9	
313	15,094	63,034	
314	15,394	60,715	
315	15,694	58,841	
316	15,994	57,326	
317	16,294	56,102	
318	16,594	55,113	
319	16,894	54,601	
320	17,194	54,21	
321	17,494	53,899	
322	17,794	53,653	
323	18,003	53,507	
