	Time [s]	T_couche2supp [°C]	
1	1,e-004	63,003	
2	2,e-004	63,003	
3	5,e-004	63,003	
4	1,e-003	63,003	
5	5,1e-002	63,003	
6	0,101	63,003	
7	0,251	63,002	
8	0,551	63,002	
9	0,851	63,002	
10	1,151	63,002	
11	1,451	63,002	
12	1,751	63,002	
13	2,051	63,002	
14	2,351	63,001	
15	2,651	63,001	
16	2,951	63,001	
17	3,251	63,001	
18	3,551	63,001	
19	3,851	63,001	
20	4,151	63,001	
21	4,451	63,001	
22	4,751	63,001	
23	5,051	63,001	
24	5,351	63,001	
25	5,651	63,001	
26	5,826	63,001	
27	6,001	63,001	
28	6,0011	210,	
29	6,0012	210,	
30	6,0013	210,	
31	6,0014	210,	
32	6,0015	210,	
33	6,0016	210,	
34	6,0017	210,	
35	6,0018	210,	
36	6,0019	210,	
37	6,002	210,	
38	6,003	209,98	
39	6,004	209,97	
40	6,005	209,95	
41	6,006	209,93	
42	6,007	209,92	
43	6,008	209,9	
44	6,009	209,88	
45	6,01	209,87	
46	6,011	209,85	
47	6,012	209,83	
48	6,013	209,81	
49	6,014	209,8	
50	6,015	209,78	
51	6,016	209,76	
52	6,017	209,74	
53	6,018	209,72	
54	6,019	209,7	
55	6,02	209,68	
56	6,021	209,66	
57	6,022	209,63	
58	6,023	209,61	
59	6,024	209,59	
60	6,025	209,57	
61	6,026	209,54	
62	6,027	209,52	
63	6,028	209,5	
64	6,029	209,47	
65	6,03	209,45	
66	6,031	209,42	
67	6,032	209,39	
68	6,033	209,36	
69	6,034	209,33	
70	6,035	209,3	
71	6,036	209,26	
72	6,037	209,23	
73	6,038	209,19	
74	6,039	209,16	
75	6,04	209,12	
76	6,041	209,08	
77	6,042	209,03	
78	6,043	208,99	
79	6,044	208,94	
80	6,045	208,9	
81	6,046	208,85	
82	6,047	208,8	
83	6,048	208,75	
84	6,049	208,69	
85	6,05	208,64	
86	6,051	208,58	
87	6,052	208,52	
88	6,053	208,46	
89	6,054	208,4	
90	6,055	208,33	
91	6,056	208,27	
92	6,057	208,2	
93	6,058	208,13	
94	6,059	208,06	
95	6,06	207,99	
96	6,061	207,92	
97	6,062	207,84	
98	6,063	207,76	
99	6,064	207,68	
100	6,065	207,6	
101	6,066	207,52	
102	6,067	207,44	
103	6,068	207,35	
104	6,069	207,26	
105	6,07	207,18	
106	6,071	207,09	
107	6,072	206,99	
108	6,073	206,9	
109	6,074	206,81	
110	6,075	206,71	
111	6,076	206,61	
112	6,077	206,51	
113	6,078	206,42	
114	6,079	206,32	
115	6,08	206,22	
116	6,081	206,12	
117	6,082	206,02	
118	6,083	205,92	
119	6,084	205,82	
120	6,085	205,72	
121	6,086	205,61	
122	6,087	205,51	
123	6,088	205,4	
124	6,089	205,3	
125	6,09	205,19	
126	6,091	205,08	
127	6,092	204,97	
128	6,093	204,86	
129	6,094	204,74	
130	6,095	204,63	
131	6,096	204,52	
132	6,097	204,4	
133	6,098	204,28	
134	6,099	204,17	
135	6,1	204,05	
136	6,15	197,45	
137	6,2	190,96	
138	6,25	184,98	
139	6,3	179,65	
140	6,35	174,97	
141	6,4	170,9	
142	6,45	167,37	
143	6,5	164,32	
144	6,55	161,76	
145	6,6	159,49	
146	6,65	157,48	
147	6,7	155,67	
148	6,75	154,04	
149	6,8	152,55	
150	6,85	151,17	
151	6,9	149,87	
152	6,95	148,65	
153	7,	147,49	
154	7,05	146,37	
155	7,1	145,3	
156	7,15	144,26	
157	7,2	143,25	
158	7,25	142,27	
159	7,3	141,3	
160	7,35	140,36	
161	7,4	139,43	
162	7,45	138,52	
163	7,5	137,61	
164	7,55	136,73	
165	7,6	135,85	
166	7,65	134,99	
167	7,7	134,13	
168	7,75	133,28	
169	7,8	132,44	
170	7,85	131,61	
171	7,9	130,79	
172	7,95	129,97	
173	8,	129,16	
174	8,05	128,36	
175	8,1	127,56	
176	8,15	126,77	
177	8,2	125,99	
178	8,25	125,21	
179	8,3	124,44	
180	8,35	123,68	
181	8,4	122,92	
182	8,45	122,17	
183	8,5	121,43	
184	8,55	120,69	
185	8,6	119,96	
186	8,65	119,23	
187	8,7	118,52	
188	8,75	117,8	
189	8,8	117,1	
190	8,85	116,39	
191	8,9	115,7	
192	8,95	115,01	
193	9,	114,33	
194	9,05	113,65	
195	9,1	112,98	
196	9,15	112,31	
197	9,2	111,65	
198	9,25	111,	
199	9,3	110,35	
200	9,35	109,71	
201	9,4	109,07	
202	9,45	108,44	
203	9,5	107,82	
204	9,55	107,2	
205	9,6	106,59	
206	9,65	105,98	
207	9,7	105,38	
208	9,75	104,79	
209	9,8	104,2	
210	9,85	103,61	
211	9,9	103,03	
212	9,95	102,46	
213	10,	101,89	
214	10,05	101,33	
215	10,1	100,77	
216	10,15	100,22	
217	10,2	99,667	
218	10,25	99,124	
219	10,3	98,588	
220	10,35	98,057	
221	10,4	97,531	
222	10,45	97,009	
223	10,5	96,493	
224	10,55	95,981	
225	10,6	95,474	
226	10,65	94,971	
227	10,7	94,473	
228	10,75	93,98	
229	10,8	93,491	
230	10,85	93,006	
231	10,9	92,527	
232	10,95	92,051	
233	11,	91,58	
234	11,001	91,571	
235	11,002	91,561	
236	11,003	91,552	
237	11,005	91,533	
238	11,009	91,495	
239	11,014	91,448	
240	11,019	91,402	
241	11,024	91,355	
242	11,029	91,308	
243	11,034	91,261	
244	11,039	91,214	
245	11,044	91,168	
246	11,049	91,121	
247	11,054	91,074	
248	11,059	91,028	
249	11,064	90,981	
250	11,069	90,935	
251	11,074	90,888	
252	11,079	90,842	
253	11,084	90,795	
254	11,089	90,749	
255	11,094	90,703	
256	11,099	90,657	
257	11,104	90,611	
258	11,109	90,565	
259	11,114	90,52	
260	11,119	90,474	
261	11,124	90,428	
262	11,129	90,382	
263	11,134	90,337	
264	11,139	90,291	
265	11,144	90,245	
266	11,149	90,2	
267	11,154	90,154	
268	11,159	90,109	
269	11,164	90,064	
270	11,169	90,018	
271	11,174	89,973	
272	11,179	89,928	
273	11,184	89,882	
274	11,189	89,837	
275	11,194	89,792	
276	11,199	89,747	
277	11,204	89,702	
278	11,209	89,657	
279	11,214	89,612	
280	11,219	89,567	
281	11,224	89,522	
282	11,229	89,477	
283	11,234	89,432	
284	11,239	89,387	
285	11,244	89,343	
286	11,249	89,298	
287	11,254	89,253	
288	11,259	89,209	
289	11,264	89,164	
290	11,269	89,12	
291	11,274	89,075	
292	11,279	89,031	
293	11,284	88,986	
294	11,289	88,942	
295	11,294	88,898	
296	11,299	88,853	
297	11,304	88,809	
298	11,309	88,765	
299	11,314	88,721	
300	11,319	88,677	
301	11,324	88,633	
302	11,329	88,589	
303	11,334	88,545	
304	11,339	88,501	
305	11,344	88,457	
306	11,349	88,413	
307	11,354	88,369	
308	11,359	88,325	
309	11,364	88,282	
310	11,369	88,238	
311	11,374	88,194	
312	11,379	88,151	
313	11,384	88,107	
314	11,389	88,064	
315	11,394	88,02	
316	11,399	87,977	
317	11,404	87,933	
318	11,409	87,89	
319	11,414	87,847	
320	11,419	87,803	
321	11,424	87,76	
322	11,429	87,717	
323	11,434	87,674	
324	11,439	87,631	
325	11,444	87,587	
326	11,449	87,544	
327	11,454	87,501	
328	11,459	87,458	
329	11,464	87,416	
330	11,469	87,373	
331	11,474	87,33	
332	11,479	87,287	
333	11,484	87,244	
334	11,489	87,202	
335	11,494	87,159	
336	11,499	87,116	
337	11,504	87,074	
338	11,509	87,031	
339	11,514	86,989	
340	11,519	86,946	
341	11,524	86,904	
342	11,529	86,861	
343	11,534	86,819	
344	11,539	86,777	
345	11,544	86,734	
346	11,549	86,692	
347	11,554	86,65	
348	11,559	86,608	
349	11,564	86,566	
350	11,569	86,523	
351	11,574	86,481	
352	11,579	86,439	
353	11,584	86,397	
354	11,589	86,356	
355	11,594	86,314	
356	11,599	86,272	
357	11,604	86,23	
358	11,609	86,188	
359	11,614	86,147	
360	11,619	86,105	
361	11,624	86,063	
362	11,629	86,022	
363	11,634	85,98	
364	11,639	85,939	
365	11,644	85,897	
366	11,649	85,856	
367	11,654	85,814	
368	11,659	85,773	
369	11,664	85,732	
370	11,669	85,69	
371	11,674	85,649	
372	11,679	85,608	
373	11,684	85,567	
374	11,689	85,526	
375	11,694	85,484	
376	11,699	85,443	
377	11,704	85,402	
378	11,709	85,361	
379	11,714	85,32	
380	11,719	85,28	
381	11,724	85,239	
382	11,729	85,198	
383	11,734	85,157	
384	11,739	85,116	
385	11,744	85,076	
386	11,749	85,035	
387	11,754	84,994	
388	11,759	84,954	
389	11,764	84,913	
390	11,769	84,873	
391	11,774	84,832	
392	11,779	84,792	
393	11,784	84,751	
394	11,789	84,711	
395	11,794	84,671	
396	11,799	84,63	
397	11,804	84,59	
398	11,809	84,55	
399	11,814	84,51	
400	11,819	84,47	
401	11,824	84,43	
402	11,829	84,39	
403	11,834	84,35	
404	11,839	84,31	
405	11,844	84,27	
406	11,849	84,23	
407	11,854	84,19	
408	11,859	84,15	
409	11,864	84,11	
410	11,869	84,071	
411	11,874	84,031	
412	11,879	83,991	
413	11,884	83,952	
414	11,889	83,912	
415	11,894	83,872	
416	11,899	83,833	
417	11,904	83,793	
418	11,909	83,754	
419	11,914	83,715	
420	11,919	95,048	
421	11,924	102,27	
422	11,929	107,3	
423	11,934	111,21	
424	11,939	114,48	
425	11,944	117,38	
426	11,949	120,02	
427	11,954	122,47	
428	11,959	124,77	
429	11,964	126,95	
430	11,969	129,04	
431	11,974	131,03	
432	11,979	132,94	
433	11,984	134,79	
434	11,989	136,57	
435	11,994	138,3	
436	11,999	139,97	
437	12,002	140,96	
438	12,002	210,	
439	12,002	210,	
440	12,002	210,	
441	12,002	210,	
442	12,002	210,	
443	12,003	210,	
444	12,003	210,	
445	12,003	210,	
446	12,003	210,	
447	12,003	210,	
448	12,053	181,2	
449	12,103	162,33	
450	12,153	149,34	
451	12,203	139,99	
452	12,253	133,21	
453	12,303	127,95	
454	12,353	123,72	
455	12,403	120,23	
456	12,453	117,28	
457	12,503	114,74	
458	12,553	112,52	
459	12,603	110,55	
460	12,653	108,79	
461	12,703	107,2	
462	12,753	105,75	
463	12,803	104,41	
464	12,853	103,18	
465	12,903	102,04	
466	12,953	100,98	
467	13,003	99,975	
468	13,053	99,033	
469	13,103	98,141	
470	13,153	97,296	
471	13,203	96,49	
472	13,253	95,722	
473	13,303	94,985	
474	13,353	94,278	
475	13,403	93,598	
476	13,453	92,942	
477	13,503	92,307	
478	13,553	91,693	
479	13,603	91,097	
480	13,653	90,519	
481	13,703	89,956	
482	13,753	89,407	
483	13,803	88,873	
484	13,853	88,35	
485	13,903	87,84	
486	13,953	87,341	
487	14,003	86,852	
488	14,053	86,373	
489	14,103	85,903	
490	14,153	85,442	
491	14,203	84,99	
492	14,253	84,546	
493	14,303	84,109	
494	14,353	83,68	
495	14,403	83,258	
496	14,453	82,843	
497	14,503	82,434	
498	14,553	82,032	
499	14,603	81,636	
500	14,653	81,245	
501	14,703	80,861	
502	14,753	80,482	
503	14,803	80,109	
504	14,853	79,741	
505	14,903	79,379	
506	14,953	79,021	
507	15,003	78,668	
508	15,053	78,321	
509	15,103	77,978	
510	15,153	77,639	
511	15,203	77,306	
512	15,253	76,976	
513	15,303	76,651	
514	15,353	76,331	
515	15,403	76,015	
516	15,453	75,702	
517	15,503	75,394	
518	15,553	75,09	
519	15,603	74,79	
520	15,653	74,494	
521	15,703	74,202	
522	15,753	73,913	
523	15,803	73,628	
524	15,853	73,347	
525	15,903	73,069	
526	15,953	72,795	
527	16,003	72,525	
528	16,053	72,258	
529	16,103	71,994	
530	16,153	71,734	
531	16,203	71,477	
532	16,253	71,223	
533	16,303	70,972	
534	16,353	70,725	
535	16,403	70,48	
536	16,453	70,239	
537	16,503	70,001	
538	16,553	69,766	
539	16,603	69,534	
540	16,653	69,306	
541	16,703	69,08	
542	16,753	68,858	
543	16,803	68,638	
544	16,853	68,42	
545	16,903	68,206	
546	16,953	67,994	
547	17,003	67,785	
548	17,053	67,578	
549	17,103	67,374	
550	17,153	67,173	
551	17,203	66,974	
552	17,253	66,777	
553	17,303	66,583	
554	17,353	66,391	
555	17,403	66,202	
556	17,453	66,015	
557	17,503	65,83	
558	17,553	65,648	
559	17,603	65,467	
560	17,653	65,289	
561	17,703	65,114	
562	17,753	64,94	
563	17,803	64,769	
564	17,853	64,599	
565	17,903	64,432	
566	17,953	64,267	
567	18,003	64,104	
