	Time [s]	T_couche_0,3mm_milieu_couche1 [°C]	
1	1,e-004	210,	
2	2,e-004	210,	
3	5,e-004	210,	
4	1,e-003	210,	
5	5,1e-002	208,46	
6	0,101	206,4	
7	0,251	199,65	
8	0,551	187,	
9	0,851	175,39	
10	1,151	164,74	
11	1,451	154,98	
12	1,751	146,03	
13	2,051	137,83	
14	2,351	130,31	
15	2,651	123,42	
16	2,951	117,1	
17	3,251	111,31	
18	3,551	106,	
19	3,851	101,13	
20	4,151	96,671	
21	4,451	92,581	
22	4,751	88,832	
23	5,051	85,396	
24	5,351	82,246	
25	5,651	79,358	
26	5,826	77,759	
27	6,001	76,24	
28	6,0011	76,343	
29	6,0012	76,446	
30	6,0013	76,549	
31	6,0014	76,652	
32	6,0015	76,755	
33	6,0016	76,857	
34	6,0017	76,959	
35	6,0018	77,062	
36	6,0019	77,164	
37	6,002	77,265	
38	6,003	78,262	
39	6,004	79,239	
40	6,005	80,196	
41	6,006	81,134	
42	6,007	82,054	
43	6,008	82,955	
44	6,009	83,838	
45	6,01	84,704	
46	6,011	85,553	
47	6,012	86,385	
48	6,013	87,201	
49	6,014	88,001	
50	6,015	88,786	
51	6,016	89,555	
52	6,017	90,31	
53	6,018	91,05	
54	6,019	91,777	
55	6,02	92,489	
56	6,021	93,188	
57	6,022	93,875	
58	6,023	94,549	
59	6,024	95,212	
60	6,025	95,862	
61	6,026	96,5	
62	6,027	97,127	
63	6,028	97,743	
64	6,029	98,347	
65	6,03	98,941	
66	6,031	99,524	
67	6,032	100,1	
68	6,033	100,66	
69	6,034	101,21	
70	6,035	101,76	
71	6,036	102,29	
72	6,037	102,82	
73	6,038	103,33	
74	6,039	103,84	
75	6,04	104,34	
76	6,041	104,83	
77	6,042	105,31	
78	6,043	105,78	
79	6,044	106,25	
80	6,045	106,71	
81	6,046	107,16	
82	6,047	107,6	
83	6,048	108,04	
84	6,049	108,47	
85	6,05	108,89	
86	6,051	109,31	
87	6,052	109,72	
88	6,053	110,12	
89	6,054	110,52	
90	6,055	110,91	
91	6,056	111,29	
92	6,057	111,67	
93	6,058	112,04	
94	6,059	112,41	
95	6,06	112,77	
96	6,061	113,13	
97	6,062	113,48	
98	6,063	113,83	
99	6,064	114,17	
100	6,065	114,5	
101	6,066	114,83	
102	6,067	115,16	
103	6,068	115,48	
104	6,069	115,8	
105	6,07	116,11	
106	6,071	116,42	
107	6,072	116,72	
108	6,073	117,02	
109	6,074	117,32	
110	6,075	117,61	
111	6,076	117,89	
112	6,077	118,18	
113	6,078	118,46	
114	6,079	118,73	
115	6,08	119,	
116	6,081	119,27	
117	6,082	119,54	
118	6,083	119,8	
119	6,084	120,05	
120	6,085	120,31	
121	6,086	120,56	
122	6,087	120,81	
123	6,088	121,05	
124	6,089	121,29	
125	6,09	121,53	
126	6,091	121,77	
127	6,092	122,	
128	6,093	122,23	
129	6,094	122,45	
130	6,095	122,68	
131	6,096	122,9	
132	6,097	123,12	
133	6,098	123,33	
134	6,099	123,54	
135	6,1	123,75	
136	6,15	130,56	
137	6,2	135,06	
138	6,25	138,06	
139	6,3	140,03	
140	6,35	141,26	
141	6,4	142,16	
142	6,45	143,03	
143	6,5	143,58	
144	6,55	143,84	
145	6,6	143,88	
146	6,65	143,73	
147	6,7	143,44	
148	6,75	143,03	
149	6,8	142,53	
150	6,85	141,96	
151	6,9	141,33	
152	6,95	140,66	
153	7,	139,95	
154	7,05	139,21	
155	7,1	138,46	
156	7,15	137,69	
157	7,2	136,9	
158	7,25	136,11	
159	7,3	135,32	
160	7,35	134,52	
161	7,4	133,72	
162	7,45	132,92	
163	7,5	132,12	
164	7,55	131,32	
165	7,6	130,53	
166	7,65	129,74	
167	7,7	128,95	
168	7,75	128,17	
169	7,8	127,4	
170	7,85	126,62	
171	7,9	125,86	
172	7,95	125,09	
173	8,	124,34	
174	8,05	123,59	
175	8,1	122,84	
176	8,15	122,1	
177	8,2	121,37	
178	8,25	120,64	
179	8,3	119,91	
180	8,35	119,2	
181	8,4	118,5	
182	8,45	117,8	
183	8,5	117,11	
184	8,55	116,42	
185	8,6	115,74	
186	8,65	115,06	
187	8,7	114,39	
188	8,75	113,73	
189	8,8	113,07	
190	8,85	112,42	
191	8,9	111,77	
192	8,95	111,13	
193	9,	110,49	
194	9,05	109,86	
195	9,1	109,24	
196	9,15	108,62	
197	9,2	108,	
198	9,25	107,39	
199	9,3	106,79	
200	9,35	106,19	
201	9,4	105,59	
202	9,45	105,	
203	9,5	104,42	
204	9,55	103,84	
205	9,6	103,27	
206	9,65	102,71	
207	9,7	102,15	
208	9,75	101,6	
209	9,8	101,05	
210	9,85	100,51	
211	9,9	99,971	
212	9,95	99,438	
213	10,	98,91	
214	10,05	98,386	
215	10,1	97,867	
216	10,15	97,353	
217	10,2	96,843	
218	10,25	96,338	
219	10,3	95,837	
220	10,35	95,341	
221	10,4	94,849	
222	10,45	94,362	
223	10,5	93,879	
224	10,55	93,4	
225	10,6	92,926	
226	10,65	92,457	
227	10,7	91,991	
228	10,75	91,53	
229	10,8	91,073	
230	10,85	90,62	
231	10,9	90,171	
232	10,95	89,727	
233	11,	89,286	
234	11,001	89,277	
235	11,002	89,269	
236	11,003	89,26	
237	11,005	89,242	
238	11,009	89,207	
239	11,014	89,163	
240	11,019	89,119	
241	11,024	89,075	
242	11,029	89,031	
243	11,034	88,988	
244	11,039	88,944	
245	11,044	88,9	
246	11,049	88,857	
247	11,054	88,813	
248	11,059	88,769	
249	11,064	88,726	
250	11,069	88,682	
251	11,074	88,639	
252	11,079	88,596	
253	11,084	88,552	
254	11,089	88,509	
255	11,094	88,466	
256	11,099	88,423	
257	11,104	88,38	
258	11,109	88,337	
259	11,114	88,294	
260	11,119	88,251	
261	11,124	88,209	
262	11,129	88,166	
263	11,134	88,123	
264	11,139	88,081	
265	11,144	88,038	
266	11,149	87,995	
267	11,154	87,953	
268	11,159	87,91	
269	11,164	87,868	
270	11,169	87,826	
271	11,174	87,783	
272	11,179	87,741	
273	11,184	87,699	
274	11,189	87,656	
275	11,194	87,614	
276	11,199	87,572	
277	11,204	87,53	
278	11,209	87,488	
279	11,214	87,446	
280	11,219	87,404	
281	11,224	87,362	
282	11,229	87,32	
283	11,234	87,278	
284	11,239	87,236	
285	11,244	87,194	
286	11,249	87,153	
287	11,254	87,111	
288	11,259	87,069	
289	11,264	87,028	
290	11,269	86,986	
291	11,274	86,944	
292	11,279	86,903	
293	11,284	86,861	
294	11,289	86,82	
295	11,294	86,778	
296	11,299	86,737	
297	11,304	86,696	
298	11,309	86,654	
299	11,314	86,613	
300	11,319	86,572	
301	11,324	86,531	
302	11,329	86,49	
303	11,334	86,448	
304	11,339	86,407	
305	11,344	86,366	
306	11,349	86,325	
307	11,354	86,284	
308	11,359	86,243	
309	11,364	86,203	
310	11,369	86,162	
311	11,374	86,121	
312	11,379	86,08	
313	11,384	86,039	
314	11,389	85,999	
315	11,394	85,958	
316	11,399	85,917	
317	11,404	85,877	
318	11,409	85,836	
319	11,414	85,796	
320	11,419	85,755	
321	11,424	85,715	
322	11,429	85,675	
323	11,434	85,634	
324	11,439	85,594	
325	11,444	85,554	
326	11,449	85,513	
327	11,454	85,473	
328	11,459	85,433	
329	11,464	85,393	
330	11,469	85,353	
331	11,474	85,313	
332	11,479	85,273	
333	11,484	85,233	
334	11,489	85,193	
335	11,494	85,153	
336	11,499	85,113	
337	11,504	85,073	
338	11,509	85,033	
339	11,514	84,994	
340	11,519	84,954	
341	11,524	84,914	
342	11,529	84,875	
343	11,534	84,835	
344	11,539	84,795	
345	11,544	84,756	
346	11,549	84,716	
347	11,554	84,677	
348	11,559	84,637	
349	11,564	84,598	
350	11,569	84,559	
351	11,574	84,519	
352	11,579	84,48	
353	11,584	84,441	
354	11,589	84,402	
355	11,594	84,363	
356	11,599	84,323	
357	11,604	84,284	
358	11,609	84,245	
359	11,614	84,206	
360	11,619	84,167	
361	11,624	84,128	
362	11,629	84,089	
363	11,634	84,051	
364	11,639	84,012	
365	11,644	83,973	
366	11,649	83,934	
367	11,654	83,895	
368	11,659	83,857	
369	11,664	83,818	
370	11,669	83,779	
371	11,674	83,741	
372	11,679	83,702	
373	11,684	83,664	
374	11,689	83,625	
375	11,694	83,587	
376	11,699	83,548	
377	11,704	83,51	
378	11,709	83,472	
379	11,714	83,434	
380	11,719	83,395	
381	11,724	83,357	
382	11,729	83,319	
383	11,734	83,281	
384	11,739	83,243	
385	11,744	83,205	
386	11,749	83,166	
387	11,754	83,128	
388	11,759	83,09	
389	11,764	83,053	
390	11,769	83,015	
391	11,774	82,977	
392	11,779	82,939	
393	11,784	82,901	
394	11,789	82,863	
395	11,794	82,826	
396	11,799	82,788	
397	11,804	82,75	
398	11,809	82,713	
399	11,814	82,675	
400	11,819	82,638	
401	11,824	82,6	
402	11,829	82,563	
403	11,834	82,525	
404	11,839	82,488	
405	11,844	82,451	
406	11,849	82,413	
407	11,854	82,376	
408	11,859	82,339	
409	11,864	82,301	
410	11,869	82,264	
411	11,874	82,227	
412	11,879	82,19	
413	11,884	82,153	
414	11,889	82,116	
415	11,894	82,079	
416	11,899	82,042	
417	11,904	82,005	
418	11,909	81,968	
419	11,914	81,931	
420	11,919	81,894	
421	11,924	81,858	
422	11,929	81,822	
423	11,934	81,787	
424	11,939	81,754	
425	11,944	81,722	
426	11,949	81,693	
427	11,954	81,667	
428	11,959	81,644	
429	11,964	81,625	
430	11,969	81,61	
431	11,974	81,599	
432	11,979	81,594	
433	11,984	81,602	
434	11,989	81,617	
435	11,994	81,641	
436	11,999	81,673	
437	12,002	81,695	
438	12,002	81,696	
439	12,002	81,697	
440	12,002	81,698	
441	12,002	81,698	
442	12,002	81,699	
443	12,003	81,7	
444	12,003	81,701	
445	12,003	81,701	
446	12,003	81,702	
447	12,003	81,703	
448	12,053	82,517	
449	12,103	83,431	
450	12,153	84,311	
451	12,203	85,01	
452	12,253	87,483	
453	12,303	90,509	
454	12,353	93,213	
455	12,403	95,583	
456	12,453	97,674	
457	12,503	99,502	
458	12,553	101,06	
459	12,603	102,37	
460	12,653	103,46	
461	12,703	104,34	
462	12,753	105,05	
463	12,803	105,61	
464	12,853	106,03	
465	12,903	106,33	
466	12,953	106,52	
467	13,003	106,61	
468	13,053	106,6	
469	13,103	106,53	
470	13,153	106,39	
471	13,203	106,18	
472	13,253	105,93	
473	13,303	105,63	
474	13,353	105,28	
475	13,403	104,9	
476	13,453	104,51	
477	13,503	104,09	
478	13,553	103,64	
479	13,603	103,18	
480	13,653	102,7	
481	13,703	102,21	
482	13,753	101,7	
483	13,803	101,19	
484	13,853	100,67	
485	13,903	100,14	
486	13,953	99,606	
487	14,003	99,07	
488	14,053	98,531	
489	14,103	97,991	
490	14,153	97,45	
491	14,203	96,909	
492	14,253	96,369	
493	14,303	95,83	
494	14,353	95,293	
495	14,403	94,759	
496	14,453	94,228	
497	14,503	93,699	
498	14,553	93,174	
499	14,603	92,653	
500	14,653	92,136	
501	14,703	91,623	
502	14,753	91,114	
503	14,803	90,61	
504	14,853	90,11	
505	14,903	89,615	
506	14,953	89,125	
507	15,003	88,64	
508	15,053	88,159	
509	15,103	87,684	
510	15,153	87,214	
511	15,203	86,748	
512	15,253	86,288	
513	15,303	85,833	
514	15,353	85,383	
515	15,403	84,938	
516	15,453	84,498	
517	15,503	84,063	
518	15,553	83,633	
519	15,603	83,208	
520	15,653	82,788	
521	15,703	82,373	
522	15,753	81,963	
523	15,803	81,558	
524	15,853	81,158	
525	15,903	80,762	
526	15,953	80,372	
527	16,003	79,986	
528	16,053	79,604	
529	16,103	79,228	
530	16,153	78,856	
531	16,203	78,489	
532	16,253	78,126	
533	16,303	77,767	
534	16,353	77,413	
535	16,403	77,064	
536	16,453	76,719	
537	16,503	76,378	
538	16,553	76,041	
539	16,603	75,709	
540	16,653	75,381	
541	16,703	75,057	
542	16,753	74,737	
543	16,803	74,421	
544	16,853	74,109	
545	16,903	73,801	
546	16,953	73,497	
547	17,003	73,197	
548	17,053	72,9	
549	17,103	72,608	
550	17,153	72,319	
551	17,203	72,034	
552	17,253	71,752	
553	17,303	71,474	
554	17,353	71,2	
555	17,403	70,929	
556	17,453	70,662	
557	17,503	70,398	
558	17,553	70,137	
559	17,603	69,88	
560	17,653	69,626	
561	17,703	69,376	
562	17,753	69,129	
563	17,803	68,884	
564	17,853	68,643	
565	17,903	68,405	
566	17,953	68,171	
567	18,003	67,939	
