	Time [s]	Minimum [°C]	Maximum [°C]	Average [°C]	
1	1,e-004	20,839	210,	152,2	
2	2,e-004	20,839	210,	152,2	
3	5,e-004	20,839	210,	152,18	
4	1,e-003	20,839	210,	152,16	
5	5,1e-002	20,839	208,73	150,22	
6	0,101	20,839	207,12	148,48	
7	0,251	20,839	200,98	143,77	
8	0,551	20,839	188,48	135,4	
9	0,851	20,839	176,78	127,84	
10	1,151	20,839	166,01	120,99	
11	1,451	20,839	156,13	114,76	
12	1,751	20,839	147,07	109,1	
13	2,051	20,839	138,77	103,94	
14	2,351	20,839	131,16	99,244	
15	2,651	20,839	124,18	94,966	
16	2,951	20,839	117,79	91,069	
17	3,251	20,839	111,92	87,517	
18	3,551	20,839	106,55	84,279	
19	3,851	20,839	101,62	81,327	
20	4,151	20,839	97,107	78,636	
21	4,451	20,839	92,967	76,182	
22	4,751	20,839	89,173	73,944	
23	5,051	20,839	85,694	71,902	
24	5,351	20,839	82,506	70,04	
25	5,651	20,839	79,583	68,341	
26	5,826	20,839	77,964	67,403	
27	6,001	20,839	76,426	66,514	
28	6,0011	63,001	210,	156,81	
29	6,0012	63,001	210,	156,83	
30	6,0013	63,001	210,	156,85	
31	6,0014	63,001	210,	156,87	
32	6,0015	63,001	210,	156,88	
33	6,0016	63,001	210,	156,9	
34	6,0017	63,001	210,	156,92	
35	6,0018	63,001	210,	156,94	
36	6,0019	63,001	210,	156,95	
37	6,002	63,001	210,	156,97	
38	6,003	63,001	210,	156,98	
39	6,004	63,001	210,01	156,98	
40	6,005	63,001	210,02	156,98	
41	6,006	63,001	210,03	156,99	
42	6,007	63,001	210,04	156,99	
43	6,008	63,001	210,06	157,	
44	6,009	63,001	210,07	157,	
45	6,01	63,001	210,08	157,	
46	6,011	63,001	210,09	157,01	
47	6,012	63,001	210,09	157,01	
48	6,013	63,001	210,1	157,02	
49	6,014	63,001	210,1	157,02	
50	6,015	63,001	210,1	157,02	
51	6,016	63,001	210,1	157,02	
52	6,017	63,001	210,09	157,03	
53	6,018	63,001	210,08	157,03	
54	6,019	63,001	210,07	157,03	
55	6,02	63,001	210,05	157,03	
56	6,021	63,001	210,03	157,04	
57	6,022	63,001	210,01	157,04	
58	6,023	63,001	209,99	157,04	
59	6,024	63,001	209,96	157,04	
60	6,025	63,001	209,92	157,04	
61	6,026	63,001	209,89	157,04	
62	6,027	63,001	209,84	157,04	
63	6,028	63,001	209,8	157,04	
64	6,029	63,001	209,75	157,04	
65	6,03	63,001	209,7	157,04	
66	6,031	63,001	209,65	157,04	
67	6,032	63,001	209,59	157,04	
68	6,033	63,001	209,53	157,03	
69	6,034	63,001	209,47	157,03	
70	6,035	63,001	209,4	157,03	
71	6,036	63,001	209,33	157,03	
72	6,037	63,001	209,26	157,02	
73	6,038	63,001	209,19	157,02	
74	6,039	63,001	209,16	157,02	
75	6,04	63,001	209,12	157,01	
76	6,041	63,001	209,08	157,01	
77	6,042	63,001	209,03	157,	
78	6,043	63,001	208,99	157,	
79	6,044	63,001	208,94	156,99	
80	6,045	63,001	208,9	156,98	
81	6,046	63,001	208,85	156,98	
82	6,047	63,001	208,8	156,97	
83	6,048	63,001	208,75	156,96	
84	6,049	63,001	208,69	156,95	
85	6,05	63,001	208,64	156,95	
86	6,051	63,001	208,58	156,94	
87	6,052	63,001	208,52	156,93	
88	6,053	63,001	208,46	156,92	
89	6,054	63,001	208,4	156,91	
90	6,055	63,001	208,33	156,9	
91	6,056	63,001	208,27	156,89	
92	6,057	63,001	208,2	156,88	
93	6,058	63,001	208,13	156,87	
94	6,059	63,001	208,06	156,86	
95	6,06	63,001	207,99	156,84	
96	6,061	63,001	207,92	156,83	
97	6,062	63,001	207,84	156,82	
98	6,063	63,001	207,76	156,81	
99	6,064	63,001	207,68	156,79	
100	6,065	63,001	207,6	156,78	
101	6,066	63,001	207,52	156,76	
102	6,067	63,001	207,44	156,75	
103	6,068	63,001	207,35	156,74	
104	6,069	63,001	207,26	156,72	
105	6,07	63,001	207,18	156,7	
106	6,071	63,001	207,09	156,69	
107	6,072	63,001	206,99	156,67	
108	6,073	63,001	206,9	156,66	
109	6,074	63,001	206,81	156,64	
110	6,075	63,001	206,71	156,62	
111	6,076	63,001	206,61	156,6	
112	6,077	63,001	206,51	156,59	
113	6,078	63,001	206,42	156,57	
114	6,079	63,001	206,32	156,55	
115	6,08	63,001	206,22	156,53	
116	6,081	63,001	206,12	156,51	
117	6,082	63,001	206,02	156,49	
118	6,083	63,001	205,92	156,47	
119	6,084	63,001	205,82	156,45	
120	6,085	63,001	205,72	156,43	
121	6,086	63,001	205,61	156,41	
122	6,087	63,001	205,51	156,39	
123	6,088	63,001	205,4	156,37	
124	6,089	63,001	205,3	156,35	
125	6,09	63,001	205,19	156,33	
126	6,091	63,001	205,08	156,3	
127	6,092	63,001	204,97	156,28	
128	6,093	63,001	204,86	156,26	
129	6,094	63,001	204,74	156,24	
130	6,095	63,001	204,63	156,21	
131	6,096	63,001	204,52	156,19	
132	6,097	63,001	204,4	156,17	
133	6,098	63,	204,28	156,14	
134	6,099	63,	204,17	156,12	
135	6,1	63,	204,05	156,09	
136	6,15	63,	197,45	154,56	
137	6,2	63,	190,96	152,89	
138	6,25	63,	184,98	151,2	
139	6,3	63,	179,65	149,53	
140	6,35	63,	174,97	147,93	
141	6,4	63,	170,9	146,38	
142	6,45	63,	167,37	144,9	
143	6,5	63,	164,32	143,48	
144	6,55	63,	161,76	142,12	
145	6,6	63,	159,49	140,8	
146	6,65	63,	157,48	139,53	
147	6,7	63,	155,67	138,3	
148	6,75	63,	154,04	137,1	
149	6,8	63,	152,55	135,93	
150	6,85	63,	151,17	134,79	
151	6,9	63,	149,87	133,67	
152	6,95	63,	148,65	132,58	
153	7,	63,	147,51	131,5	
154	7,05	63,	146,42	130,45	
155	7,1	63,	145,36	129,41	
156	7,15	63,	144,34	128,39	
157	7,2	63,	143,34	127,39	
158	7,25	63,	142,37	126,4	
159	7,3	63,	141,41	125,43	
160	7,35	63,	140,47	124,47	
161	7,4	63,	139,54	123,52	
162	7,45	63,	138,63	122,59	
163	7,5	63,	137,74	121,67	
164	7,55	63,	136,85	120,76	
165	7,6	63,	135,97	119,86	
166	7,65	63,	135,1	118,98	
167	7,7	63,	134,25	118,11	
168	7,75	63,	133,39	117,25	
169	7,8	63,	132,55	116,4	
170	7,85	63,	131,72	115,56	
171	7,9	63,	130,89	114,73	
172	7,95	63,	130,07	113,91	
173	8,	63,	129,25	113,11	
174	8,05	63,	128,44	112,31	
175	8,1	63,	127,65	111,52	
176	8,15	63,	126,86	110,75	
177	8,2	63,	126,07	109,98	
178	8,25	63,	125,29	109,23	
179	8,3	63,	124,52	108,48	
180	8,35	63,	123,76	107,74	
181	8,4	63,	123,	107,02	
182	8,45	63,	122,25	106,3	
183	8,5	63,	121,5	105,59	
184	8,55	63,	120,76	104,89	
185	8,6	63,	120,03	104,2	
186	8,65	63,	119,3	103,52	
187	8,7	63,	118,58	102,85	
188	8,75	63,	117,86	102,18	
189	8,8	63,	117,15	101,53	
190	8,85	63,	116,45	100,88	
191	8,9	63,	115,75	100,24	
192	8,95	63,	115,06	99,608	
193	9,	63,	114,38	98,985	
194	9,05	63,	113,71	98,37	
195	9,1	63,	113,04	97,763	
196	9,15	63,	112,37	97,164	
197	9,2	63,	111,72	96,572	
198	9,25	63,	111,07	95,987	
199	9,3	63,	110,43	95,411	
200	9,35	63,	109,79	94,841	
201	9,4	63,	109,16	94,279	
202	9,45	63,	108,53	93,724	
203	9,5	63,	107,91	93,176	
204	9,55	63,	107,29	92,635	
205	9,6	63,	106,68	92,101	
206	9,65	63,	106,07	91,573	
207	9,7	63,	105,47	91,053	
208	9,75	63,	104,88	90,539	
209	9,8	63,	104,29	90,031	
210	9,85	63,	103,71	89,53	
211	9,9	63,	103,13	89,035	
212	9,95	63,	102,56	88,547	
213	10,	63,	101,99	88,065	
214	10,05	63,	101,43	87,589	
215	10,1	63,	100,87	87,119	
216	10,15	63,	100,32	86,655	
217	10,2	63,	99,774	86,197	
218	10,25	63,	99,233	85,744	
219	10,3	63,	98,696	85,298	
220	10,35	63,	98,165	84,857	
221	10,4	63,	97,638	84,422	
222	10,45	63,	97,116	83,992	
223	10,5	63,	96,599	83,568	
224	10,55	63,	96,087	83,149	
225	10,6	63,	95,579	82,735	
226	10,65	63,	95,076	82,327	
227	10,7	63,	94,577	81,924	
228	10,75	63,	94,083	81,525	
229	10,8	63,	93,594	81,132	
230	10,85	63,	93,109	80,744	
231	10,9	63,	92,629	80,361	
232	10,95	63,	92,153	79,983	
233	11,	63,	91,681	79,61	
234	11,001	63,	91,672	79,602	
235	11,002	63,	91,663	79,595	
236	11,003	63,	91,653	79,587	
237	11,005	63,	91,634	79,572	
238	11,009	63,	91,597	79,542	
239	11,014	63,	91,55	79,505	
240	11,019	63,	91,503	79,468	
241	11,024	63,	91,456	79,431	
242	11,029	63,	91,409	79,394	
243	11,034	63,	91,362	79,357	
244	11,039	63,	91,315	79,32	
245	11,044	63,	91,268	79,283	
246	11,049	63,	91,222	79,246	
247	11,054	63,	91,175	79,209	
248	11,059	63,	91,128	79,172	
249	11,064	63,	91,082	79,136	
250	11,069	63,	91,035	79,099	
251	11,074	63,	90,989	79,062	
252	11,079	63,	90,942	79,026	
253	11,084	63,	90,896	78,989	
254	11,089	63,	90,85	78,953	
255	11,094	63,	90,803	78,916	
256	11,099	63,	90,757	78,88	
257	11,104	63,	90,711	78,843	
258	11,109	63,	90,664	78,807	
259	11,114	63,	90,618	78,771	
260	11,119	63,	90,572	78,735	
261	11,124	63,	90,526	78,698	
262	11,129	63,	90,48	78,662	
263	11,134	63,	90,434	78,626	
264	11,139	63,	90,388	78,59	
265	11,144	63,	90,342	78,554	
266	11,149	63,	90,297	78,518	
267	11,154	63,	90,251	78,482	
268	11,159	63,	90,205	78,447	
269	11,164	63,	90,159	78,411	
270	11,169	63,	90,114	78,375	
271	11,174	63,	90,068	78,339	
272	11,179	63,	90,023	78,304	
273	11,184	63,	89,977	78,268	
274	11,189	63,	89,932	78,232	
275	11,194	63,	89,887	78,197	
276	11,199	63,	89,842	78,161	
277	11,204	63,	89,796	78,126	
278	11,209	63,	89,751	78,09	
279	11,214	63,	89,706	78,055	
280	11,219	63,	89,661	78,02	
281	11,224	63,	89,616	77,985	
282	11,229	63,	89,571	77,949	
283	11,234	63,	89,526	77,914	
284	11,239	63,	89,481	77,879	
285	11,244	63,	89,437	77,844	
286	11,249	63,	89,392	77,809	
287	11,254	63,	89,347	77,774	
288	11,259	63,	89,302	77,739	
289	11,264	63,	89,258	77,704	
290	11,269	63,	89,213	77,669	
291	11,274	63,	89,168	77,634	
292	11,279	63,	89,124	77,6	
293	11,284	63,	89,079	77,565	
294	11,289	63,	89,035	77,53	
295	11,294	63,	88,99	77,496	
296	11,299	63,	88,946	77,461	
297	11,304	63,	88,902	77,426	
298	11,309	63,	88,857	77,392	
299	11,314	63,	88,813	77,357	
300	11,319	63,	88,769	77,323	
301	11,324	63,	88,725	77,289	
302	11,329	63,	88,681	77,254	
303	11,334	63,	88,637	77,22	
304	11,339	63,	88,593	77,186	
305	11,344	63,	88,549	77,152	
306	11,349	63,	88,505	77,117	
307	11,354	63,	88,461	77,083	
308	11,359	63,	88,417	77,049	
309	11,364	63,	88,373	77,015	
310	11,369	63,	88,329	76,981	
311	11,374	63,	88,285	76,947	
312	11,379	63,	88,242	76,914	
313	11,384	63,	88,198	76,88	
314	11,389	63,	88,154	76,846	
315	11,394	63,	88,111	76,812	
316	11,399	63,	88,067	76,778	
317	11,404	63,	88,024	76,745	
318	11,409	63,	87,98	76,711	
319	11,414	63,	87,937	76,677	
320	11,419	63,	87,893	76,644	
321	11,424	63,	87,85	76,61	
322	11,429	63,	87,807	76,577	
323	11,434	63,	87,764	76,544	
324	11,439	63,	87,72	76,51	
325	11,444	63,	87,677	76,477	
326	11,449	63,	87,634	76,444	
327	11,454	63,	87,591	76,41	
328	11,459	63,	87,548	76,377	
329	11,464	63,	87,505	76,344	
330	11,469	63,	87,462	76,311	
331	11,474	63,	87,419	76,278	
332	11,479	63,	87,376	76,245	
333	11,484	63,	87,333	76,212	
334	11,489	63,	87,29	76,179	
335	11,494	63,	87,248	76,146	
336	11,499	63,	87,205	76,113	
337	11,504	63,	87,162	76,08	
338	11,509	63,	87,119	76,047	
339	11,514	63,	87,077	76,015	
340	11,519	63,	87,034	75,982	
341	11,524	63,	86,992	75,949	
342	11,529	63,	86,949	75,917	
343	11,534	63,	86,907	75,884	
344	11,539	63,	86,864	75,852	
345	11,544	63,	86,822	75,819	
346	11,549	63,	86,78	75,787	
347	11,554	63,	86,737	75,754	
348	11,559	63,	86,695	75,722	
349	11,564	63,	86,653	75,69	
350	11,569	63,	86,611	75,657	
351	11,574	63,	86,569	75,625	
352	11,579	63,	86,527	75,593	
353	11,584	63,	86,484	75,561	
354	11,589	63,	86,442	75,529	
355	11,594	63,	86,4	75,497	
356	11,599	63,	86,359	75,465	
357	11,604	63,	86,317	75,433	
358	11,609	63,	86,275	75,401	
359	11,614	63,	86,233	75,369	
360	11,619	63,	86,191	75,337	
361	11,624	63,	86,149	75,305	
362	11,629	63,	86,108	75,273	
363	11,634	63,	86,066	75,241	
364	11,639	63,	86,025	75,21	
365	11,644	63,	85,983	75,178	
366	11,649	63,	85,941	75,146	
367	11,654	63,	85,9	75,115	
368	11,659	63,	85,858	75,083	
369	11,664	63,	85,817	75,052	
370	11,669	63,	85,776	75,02	
371	11,674	63,	85,734	74,989	
372	11,679	63,	85,693	74,958	
373	11,684	63,	85,652	74,926	
374	11,689	63,	85,611	74,895	
375	11,694	63,	85,569	74,864	
376	11,699	63,	85,528	74,832	
377	11,704	63,	85,487	74,801	
378	11,709	63,	85,446	74,77	
379	11,714	63,	85,405	74,739	
380	11,719	63,	85,364	74,708	
381	11,724	63,	85,323	74,677	
382	11,729	63,	85,282	74,646	
383	11,734	63,	85,241	74,615	
384	11,739	63,	85,201	74,584	
385	11,744	63,	85,16	74,553	
386	11,749	63,	85,119	74,522	
387	11,754	63,	85,078	74,492	
388	11,759	63,	85,038	74,461	
389	11,764	63,	84,997	74,43	
390	11,769	63,	84,956	74,399	
391	11,774	63,	84,916	74,369	
392	11,779	63,	84,875	74,338	
393	11,784	63,	84,835	74,308	
394	11,789	63,	84,794	74,277	
395	11,794	63,	84,754	74,247	
396	11,799	63,	84,714	74,216	
397	11,804	63,	84,673	74,186	
398	11,809	63,	84,633	74,156	
399	11,814	63,	84,593	74,125	
400	11,819	63,	84,553	74,095	
401	11,824	63,	84,512	74,065	
402	11,829	63,	84,472	74,034	
403	11,834	63,	84,432	74,004	
404	11,839	63,	84,392	73,974	
405	11,844	63,	84,352	73,944	
406	11,849	63,	84,312	73,914	
407	11,854	63,	84,272	73,884	
408	11,859	63,	84,232	73,854	
409	11,864	63,	84,192	73,824	
410	11,869	63,	84,153	73,794	
411	11,874	63,	84,113	73,764	
412	11,879	63,	84,073	73,735	
413	11,884	63,	84,033	73,705	
414	11,889	63,	83,994	73,675	
415	11,894	63,	83,954	73,645	
416	11,899	63,	83,914	73,616	
417	11,904	63,	83,875	73,586	
418	11,909	63,	83,835	73,556	
419	11,914	63,	83,796	73,527	
420	11,919	63,	95,048	74,045	
421	11,924	63,	102,27	74,505	
422	11,929	63,	107,3	74,921	
423	11,934	62,999	111,21	75,303	
424	11,939	62,983	114,48	75,659	
425	11,944	62,967	117,38	75,992	
426	11,949	62,951	120,02	76,307	
427	11,954	62,934	122,47	76,607	
428	11,959	62,918	124,77	76,893	
429	11,964	62,902	126,95	77,167	
430	11,969	62,886	129,04	77,431	
431	11,974	62,87	131,03	77,685	
432	11,979	62,854	132,94	77,932	
433	11,984	62,838	134,79	78,17	
434	11,989	62,823	136,57	78,402	
435	11,994	62,807	138,3	78,627	
436	11,999	62,791	139,97	78,846	
437	12,002	62,781	140,96	78,976	
438	12,002	62,781	210,	93,933	
439	12,002	62,781	210,	93,942	
440	12,002	62,78	210,	93,95	
441	12,002	62,78	210,	93,956	
442	12,002	62,78	210,	93,961	
443	12,003	62,779	210,	93,965	
444	12,003	62,779	210,	93,968	
445	12,003	62,779	210,	93,969	
446	12,003	62,778	210,	93,97	
447	12,003	62,778	210,	93,968	
448	12,053	63,146	204,48	92,759	
449	12,103	62,982	197,88	91,916	
450	12,153	62,821	190,96	91,222	
451	12,203	62,662	184,14	90,61	
452	12,253	62,506	177,6	90,053	
453	12,303	62,352	171,47	89,532	
454	12,353	62,2	165,78	89,038	
455	12,403	62,052	160,53	88,563	
456	12,453	61,905	155,73	88,1	
457	12,503	61,761	151,32	87,648	
458	12,553	61,619	147,27	87,204	
459	12,603	61,479	143,56	86,765	
460	12,653	61,342	140,15	86,331	
461	12,703	61,207	137,01	85,901	
462	12,753	61,074	134,13	85,475	
463	12,803	60,943	131,47	85,053	
464	12,853	60,814	129,03	84,633	
465	12,903	60,687	126,78	84,217	
466	12,953	60,562	124,69	83,804	
467	13,003	60,439	122,75	83,395	
468	13,053	60,318	120,94	82,989	
469	13,103	60,199	119,25	82,586	
470	13,153	60,082	117,67	82,187	
471	13,203	59,966	116,19	81,791	
472	13,253	59,853	114,79	81,399	
473	13,303	59,741	113,48	81,011	
474	13,353	59,631	112,23	80,626	
475	13,403	59,523	111,05	80,246	
476	13,453	59,416	109,93	79,869	
477	13,503	59,311	108,92	79,497	
478	13,553	59,208	108,05	79,128	
479	13,603	59,106	107,21	78,763	
480	13,653	59,006	106,39	78,403	
481	13,703	58,908	105,59	78,047	
482	13,753	58,811	104,82	77,694	
483	13,803	58,715	104,1	77,346	
484	13,853	58,621	103,42	77,002	
485	13,903	58,529	102,76	76,662	
486	13,953	58,438	102,1	76,326	
487	14,003	58,348	101,45	75,993	
488	14,053	58,26	100,81	75,665	
489	14,103	58,173	100,17	75,341	
490	14,153	58,087	99,547	75,021	
491	14,203	58,003	98,93	74,705	
492	14,253	57,92	98,32	74,393	
493	14,303	57,838	97,718	74,084	
494	14,353	57,758	97,123	73,78	
495	14,403	57,678	96,537	73,479	
496	14,453	57,6	95,96	73,182	
497	14,503	57,523	95,389	72,888	
498	14,553	57,448	94,825	72,598	
499	14,603	57,373	94,268	72,312	
500	14,653	57,3	93,717	72,03	
501	14,703	57,228	93,173	71,751	
502	14,753	57,157	92,635	71,476	
503	14,803	57,087	92,103	71,204	
504	14,853	57,018	91,578	70,935	
505	14,903	56,95	91,059	70,67	
506	14,953	56,883	90,546	70,408	
507	15,003	56,817	90,039	70,15	
508	15,053	56,753	89,539	69,894	
509	15,103	56,689	89,044	69,642	
510	15,153	56,626	88,556	69,394	
511	15,203	56,564	88,073	69,148	
512	15,253	56,503	87,596	68,905	
513	15,303	56,442	87,125	68,666	
514	15,353	56,375	86,659	68,43	
515	15,403	56,306	86,199	68,196	
516	15,453	56,238	85,745	67,966	
517	15,503	56,171	85,297	67,738	
518	15,553	56,105	84,853	67,513	
519	15,603	56,04	84,416	67,291	
520	15,653	55,976	83,983	67,072	
521	15,703	55,913	83,556	66,856	
522	15,753	55,851	83,134	66,643	
523	15,803	55,789	82,718	66,432	
524	15,853	55,729	82,306	66,224	
525	15,903	55,67	81,9	66,018	
526	15,953	55,611	81,499	65,815	
527	16,003	55,554	81,103	65,615	
528	16,053	55,497	80,711	65,417	
529	16,103	55,441	80,325	65,222	
530	16,153	55,386	79,943	65,029	
531	16,203	55,332	79,567	64,838	
532	16,253	55,279	79,195	64,65	
533	16,303	55,226	78,827	64,465	
534	16,353	55,174	78,465	64,281	
535	16,403	55,122	78,106	64,1	
536	16,453	55,068	77,753	63,922	
537	16,503	55,011	77,404	63,745	
538	16,553	54,955	77,059	63,571	
539	16,603	54,899	76,718	63,399	
540	16,653	54,844	76,382	63,229	
541	16,703	54,79	76,05	63,061	
542	16,753	54,737	75,723	62,896	
543	16,803	54,685	75,399	62,732	
544	16,853	54,634	75,08	62,571	
545	16,903	54,583	74,765	62,411	
546	16,953	54,533	74,453	62,254	
547	17,003	54,484	74,146	62,098	
548	17,053	54,435	73,843	61,945	
549	17,103	54,387	73,543	61,793	
550	17,153	54,34	73,247	61,644	
551	17,203	54,294	72,956	61,496	
552	17,253	54,248	72,668	61,35	
553	17,303	54,203	72,383	61,206	
554	17,353	54,159	72,103	61,064	
555	17,403	54,114	71,826	60,923	
556	17,453	54,068	71,553	60,784	
557	17,503	54,023	71,283	60,648	
558	17,553	53,977	71,017	60,512	
559	17,603	53,93	70,754	60,379	
560	17,653	53,884	70,494	60,247	
561	17,703	53,839	70,238	60,117	
562	17,753	53,795	69,985	59,988	
563	17,803	53,751	69,736	59,861	
564	17,853	53,708	69,489	59,736	
565	17,903	53,666	69,246	59,612	
566	17,953	53,624	69,006	59,49	
567	18,003	53,582	68,769	59,369	
